1451606460,42.3
1451606520,1.3
1451606580,9.2
1451606640,18.2
1451606700,26.2
1451606760,35.1
1451606820,44.2
1451606880,2.2
1451606940,11.1
1451607000,19.1
1451607060,28.0
1451607120,37.0
1451607180,45.0
1451607240,4.8
1451607300,12.8
1451607360,21.7
1451607420,30.7
1451607480,38.7
1451607540,47.6
1451607600,6.6
1451607660,14.5
1451607720,23.5
1451607780,31.5
1451607840,40.4
1451607900,31.4
1451607960,39.4
1451608020,48.3
1451608080,6.3
1451608140,15.2
1451608200,24.2
1451608260,32.2
1451608320,41.1
1451608380,0.1
1451608440,8.0
1451608500,17.0
1451608560,25.0
1451608620,34.8
1451608680,43.8
1451608740,1.7
1451608800,10.7
1451608860,18.7
1451608920,27.6
1451608980,36.7
1451609040,44.7
1451609100,3.6
1451609160,11.6
1451609220,20.5
1451609280,29.5
1451609340,37.5
1451609400,46.4
1451609460,5.4
1451609520,13.3
1451609580,22.3
1451609640,30.3
1451609700,39.2
1451609760,48.2
1451609820,6.2
1451609880,15.1
1451609940,23.1
1451610000,32.0
1451610060,23.0
1451610120,31.0
1451610180,40.8
1451610240,49.8
1451610300,7.7
1451610360,16.7
1451610420,24.7
1451610480,33.6
1451610540,42.6
1451610600,0.5
1451610660,9.5
1451610720,17.5
1451610780,26.4
1451610840,35.4
1451610900,43.4
1451610960,2.3
1451611020,10.3
1451611080,19.2
1451611140,28.3
1451611200,36.3
1451611260,45.2
1451611320,4.2
1451611380,12.1
1451611440,21.1
1451611500,29.1
1451611560,38.0
1451611620,47.0
1451611680,5.0
1451611740,14.8
1451611800,22.8
1451611860,31.7
1451611920,40.7
1451611980,48.7
1451612040,7.6
1451612100,16.6
1451612160,24.5
1451612220,15.5
1451612280,23.5
1451612340,32.4
1451612400,41.4
1451612460,49.3
1451612520,8.3
1451612580,16.3
1451612640,25.2
1451612700,34.2
1451612760,42.2
1451612820,1.1
1451612880,9.1
1451612940,18.0
1451613000,27.0
1451613060,35.0
1451613120,44.8
1451613180,3.8
1451613240,11.7
1451613300,20.8
1451613360,28.8
1451613420,37.7
1451613480,46.7
1451613540,4.7
1451613600,13.6
1451613660,21.6
1451613720,30.5
1451613780,39.5
1451613840,47.5
1451613900,6.4
1451613960,14.4
1451614020,23.3
1451614080,32.3
1451614140,40.3
1451614200,49.2
1451614260,8.2
1451614320,16.1
1451614380,25.1
1451614440,15.1
1451614500,24.0
1451614560,33.0
1451614620,41.0
1451614680,0.8
1451614740,8.8
1451614800,17.7
1451614860,26.7
1451614920,34.7
1451614980,43.6
1451615040,2.6
1451615100,10.5
1451615160,19.5
1451615220,27.5
1451615280,36.4
1451615340,45.4
1451615400,3.4
1451615460,12.4
1451615520,20.4
1451615580,29.3
1451615640,38.3
1451615700,46.3
1451615760,5.2
1451615820,13.2
1451615880,22.1
1451615940,31.1
1451616000,39.1
1451616060,48.0
1451616120,7.0
1451616180,15.8
1451616240,24.8
1451616300,32.8
1451616360,41.7
1451616420,0.7
1451616480,8.7
1451616540,17.6
1451616600,7.6
1451616660,16.5
1451616720,25.5
1451616780,33.5
1451616840,42.4
1451616900,1.4
1451616960,9.3
1451617020,18.3
1451617080,26.3
1451617140,35.2
1451617200,44.2
1451617260,2.1
1451617320,11.1
1451617380,19.1
1451617440,28.0
1451617500,37.0
1451617560,45.0
1451617620,4.0
1451617680,12.0
1451617740,21.8
1451617800,30.8
1451617860,38.8
1451617920,47.7
1451617980,6.7
1451618040,14.6
1451618100,23.6
1451618160,31.6
1451618220,40.5
1451618280,49.5
1451618340,7.5
1451618400,16.4
1451618460,24.4
1451618520,33.3
1451618580,42.3
1451618640,0.3
1451618700,9.2
1451618760,0.2
1451618820,8.1
1451618880,17.1
1451618940,25.1
1451619000,34.0
1451619060,43.0
1451619120,1.8
1451619180,10.8
1451619240,18.8
1451619300,27.7
1451619360,36.7
1451619420,44.7
1451619480,3.6
1451619540,11.6
1451619600,20.5
1451619660,29.5
1451619720,37.5
1451619780,46.5
1451619840,5.5
1451619900,13.4
1451619960,22.4
1451620020,30.4
1451620080,39.3
1451620140,48.3
1451620200,6.3
1451620260,15.2
1451620320,23.2
1451620380,32.1
1451620440,41.1
1451620500,49.1
1451620560,8.0
1451620620,17.0
1451620680,25.8
1451620740,34.8
1451620800,42.8
1451620860,1.7
1451620920,42.7
1451620980,0.6
1451621040,9.6
1451621100,17.6
1451621160,26.5
1451621220,35.5
1451621280,43.5
1451621340,2.4
1451621400,10.4
1451621460,19.3
1451621520,28.3
1451621580,36.3
1451621640,45.2
1451621700,4.2
1451621760,12.1
1451621820,21.1
1451621880,29.1
1451621940,8.1
1451622000,17.0
1451622060,26.0
1451622120,34.8
1451622180,43.8
1451622240,1.8
1451622300,10.7
1451622360,19.7
1451622420,27.6
1451622480,36.6
1451622540,44.6
1451622600,3.5
1451622660,12.5
1451622720,20.5
1451622780,29.4
1451622840,37.4
1451622900,46.3
1451622960,5.3
1451623020,13.4
1451623080,22.3
1451623140,31.3
1451623200,39.2
1451623260,48.2
1451623320,6.2
1451623380,15.1
1451623440,24.1
1451623500,32.1
1451623560,41.0
1451623620,49.0
1451623680,8.8
1451623740,17.8
1451623800,25.8
1451623860,34.7
1451623920,43.7
1451623980,1.6
1451624040,10.6
1451624100,0.6
1451624160,9.5
1451624220,18.5
1451624280,26.4
1451624340,35.4
1451624400,43.4
1451624460,2.3
1451624520,11.3
1451624580,19.3
1451624640,28.2
1451624700,36.2
1451624760,45.1
1451624820,4.1
1451624880,12.1
1451624940,21.0
1451625000,30.0
1451625060,38.8
1451625120,47.8
1451625180,5.0
1451625240,14.8
1451625300,23.8
1451625360,31.8
1451625420,40.7
1451625480,48.7
1451625540,7.6
1451625600,16.6
1451625660,24.6
1451625720,33.5
1451625780,42.5
1451625840,0.4
1451625900,9.4
1451625960,17.4
1451626020,26.3
1451626080,35.3
1451626140,43.2
1451626200,2.2
1451626260,42.2
1451626320,1.1
1451626380,10.1
1451626440,18.1
1451626500,27.0
1451626560,35.0
1451626620,44.8
1451626680,3.8
1451626740,11.8
1451626800,20.7
1451626860,29.7
1451626920,37.6
1451626980,46.6
1451627040,4.6
1451627100,13.5
1451627160,22.5
1451627220,30.5
1451627280,39.4
1451627340,47.5
1451627400,6.4
1451627460,15.4
1451627520,23.4
1451627580,32.3
1451627640,40.3
1451627700,49.2
1451627760,8.2
1451627820,16.2
1451627880,25.1
1451627940,34.1
1451628000,42.0
1451628060,1.0
1451628120,9.0
1451628180,18.8
1451628240,27.8
1451628300,35.8
1451628360,44.7
1451628420,34.7
1451628480,43.6
1451628540,2.6
1451628600,10.6
1451628660,19.5
1451628720,28.5
1451628780,36.4
1451628840,45.4
1451628900,3.4
1451628960,12.3
1451629020,21.3
1451629080,29.3
1451629140,38.2
1451629200,46.2
1451629260,5.1
1451629320,14.1
1451629380,22.1
1451629440,31.0
1451629500,39.1
1451629560,48.0
1451629620,7.0
1451629680,15.0
1451629740,24.8
1451629800,33.8
1451629860,41.7
1451629920,0.7
1451629980,8.7
1451630040,17.6
1451630100,26.6
1451630160,34.6
1451630220,43.5
1451630280,1.5
1451630340,10.4
1451630400,19.4
1451630460,27.4
1451630520,36.3
1451630580,45.3
1451630640,35.2
1451630700,44.2
1451630760,2.2
1451630820,11.1
1451630880,20.1
1451630940,28.1
1451631000,37.0
1451631060,45.0
1451631120,4.8
1451631180,13.8
1451631240,21.8
1451631300,30.7
1451631360,38.7
1451631420,47.6
1451631480,6.6
1451631540,14.6
1451631600,23.5
1451631660,32.6
1451631720,40.5
1451631780,49.5
1451631840,7.5
1451631900,16.4
1451631960,25.4
1451632020,33.4
1451632080,42.3
1451632140,0.3
1451632200,9.2
1451632260,18.2
1451632320,26.2
1451632380,35.1
1451632440,44.1
1451632500,2.0
1451632560,11.0
1451632620,19.0
1451632680,28.8
1451632740,37.8
1451632800,27.7
1451632860,36.7
1451632920,44.7
1451632980,3.6
1451633040,12.6
1451633100,20.6
1451633160,29.5
1451633220,37.5
1451633280,46.4
1451633340,5.4
1451633400,13.4
1451633460,22.3
1451633520,31.3
1451633580,39.2
1451633640,48.2
1451633700,6.2
1451633760,15.1
1451633820,24.2
1451633880,32.2
1451633940,41.1
1451634000,49.1
1451634060,8.0
1451634120,17.0
1451634180,25.0
1451634240,34.8
1451634300,43.8
1451634360,1.7
1451634420,10.7
1451634480,18.7
1451634540,27.6
1451634600,36.6
1451634660,44.5
1451634720,3.5
1451634780,11.5
1451634840,20.4
1451634900,29.4
1451634960,19.4
1451635020,28.3
1451635080,36.3
1451635140,45.2
1451635200,4.2
1451635260,12.2
1451635320,21.1
1451635380,30.1
1451635440,38.0
1451635500,47.0
1451635560,5.0
1451635620,14.8
1451635680,23.8
1451635740,31.8
1451635800,40.7
1451635860,48.7
1451635920,7.6
1451635980,16.7
1451636040,24.7
1451636100,33.6
1451636160,41.6
1451636220,0.5
1451636280,9.5
1451636340,17.5
1451636400,26.4
1451636460,35.4
1451636520,43.3
1451636580,2.3
1451636640,10.3
1451636700,19.2
1451636760,28.2
1451636820,36.2
1451636880,45.1
1451636940,3.1
1451637000,12.0
1451637060,21.0
1451637120,11.0
1451637180,20.8
1451637240,29.8
1451637300,37.7
1451637360,46.7
1451637420,4.7
1451637480,13.6
1451637540,22.6
1451637600,30.6
1451637660,39.5
1451637720,47.5
1451637780,6.4
1451637840,15.4
1451637900,23.4
1451637960,32.3
1451638020,40.3
1451638080,49.2
1451638140,8.3
1451638200,16.3
1451638260,25.2
1451638320,34.2
1451638380,42.1
1451638440,1.1
1451638500,9.1
1451638560,18.0
1451638620,27.0
1451638680,35.0
1451638740,44.8
1451638800,2.8
1451638860,11.7
1451638920,20.7
1451638980,28.7
1451639040,37.6
1451639100,46.6
1451639160,4.5
1451639220,13.5
1451639280,3.5
1451639340,12.4
1451639400,21.4
1451639460,29.4
1451639520,38.3
1451639580,46.3
1451639640,5.2
1451639700,14.2
1451639760,22.2
1451639820,31.1
1451639880,39.1
1451639940,48.0
1451640000,7.0
1451640060,15.0
1451640120,24.8
1451640180,33.8
1451640240,41.7
1451640300,0.8
1451640360,8.8
1451640420,17.7
1451640480,26.7
1451640540,34.7
1451640600,43.6
1451640660,1.6
1451640720,10.5
1451640780,19.5
1451640840,27.5
1451640900,36.4
1451640960,45.4
1451641020,3.3
1451641080,12.3
1451641140,20.3
1451641200,29.2
1451641260,38.2
1451641320,46.1
1451641380,5.1
1451641440,45.1
1451641500,4.0
1451641560,13.0
1451641620,21.0
1451641680,30.8
1451641740,38.8
1451641800,47.7
1451641860,6.7
1451641920,14.7
1451641980,23.6
1451642040,32.6
1451642100,40.5
1451642160,49.5
1451642220,7.5
1451642280,16.4
1451642340,25.4
1451642400,33.4
1451642460,42.4
1451642520,0.4
1451642580,9.3
1451642640,18.3
1451642700,26.3
1451642760,35.2
1451642820,44.2
1451642880,2.1
1451642940,11.1
1451643000,19.1
1451643060,28.0
1451643120,37.0
1451643180,45.8
1451643240,4.8
1451643300,12.8
1451643360,21.7
1451643420,30.7
1451643480,38.7
1451643540,47.6
1451643600,37.6
1451643660,46.5
1451643720,5.5
1451643780,13.5
1451643840,22.4
1451643900,31.4
1451643960,39.3
1451644020,48.3
1451644080,6.3
1451644140,15.2
1451644200,24.2
1451644260,32.2
1451644320,41.1
1451644380,49.1
1451644440,8.0
1451644500,17.0
1451644560,25.0
1451644620,34.0
1451644680,43.0
1451644740,1.8
1451644800,10.8
1451644860,18.8
1451644920,27.7
1451644980,36.7
1451645040,44.6
1451645100,3.6
1451645160,11.6
1451645220,20.5
1451645280,29.5
1451645340,37.5
1451645400,46.4
1451645460,4.4
1451645520,13.3
1451645580,22.3
1451645640,30.3
1451645700,39.2
1451645760,30.2
1451645820,38.1
1451645880,47.1
1451645940,5.1
1451646000,14.0
1451646060,23.0
1451646120,31.0
1451646180,40.8
1451646240,48.8
1451646300,7.7
1451646360,16.7
1451646420,24.7
1451646480,33.6
1451646540,41.6
1451646600,0.5
1451646660,9.5
1451646720,17.5
1451646780,26.4
1451646840,35.5
1451646900,43.4
1451646960,2.4
1451647020,10.4
1451647080,19.3
1451647140,28.3
1451647200,36.3
1451647260,45.2
1451647320,3.2
1451647380,12.1
1451647440,21.1
1451647500,29.1
1451647560,38.0
1451647620,47.0
1451647680,5.8
1451647740,14.8
1451647800,22.8
1451647860,31.7
1451647920,22.7
1451647980,30.7
1451648040,39.6
1451648100,47.6
1451648160,6.5
1451648220,15.5
1451648280,23.5
1451648340,32.4
1451648400,40.4
1451648460,49.3
1451648520,8.3
1451648580,16.3
1451648640,25.2
1451648700,34.2
1451648760,42.1
1451648820,1.1
1451648880,9.1
1451648940,18.0
1451649000,27.1
1451649060,35.1
1451649120,44.0
1451649180,2.0
1451649240,11.8
1451649300,20.8
1451649360,28.8
1451649420,37.7
1451649480,46.7
1451649540,4.6
1451649600,13.6
1451649660,21.6
1451649720,30.5
1451649780,39.5
1451649840,47.5
1451649900,6.4
1451649960,14.4
1451650020,23.3
1451650080,14.3
1451650140,22.3
1451650200,31.2
1451650260,39.2
1451650320,48.1
1451650380,7.1
1451650440,15.1
1451650500,24.0
1451650560,33.0
1451650620,41.8
1451650680,0.8
1451650740,8.8
1451650800,17.7
1451650860,26.7
1451650920,34.7
1451650980,43.6
1451651040,1.6
1451651100,10.5
1451651160,19.6
1451651220,27.6
1451651280,36.5
1451651340,45.5
1451651400,3.4
1451651460,12.4
1451651520,20.4
1451651580,29.3
1451651640,38.3
1451651700,46.2
1451651760,5.2
1451651820,13.2
1451651880,22.1
1451651940,31.1
1451652000,39.1
1451652060,48.0
1451652120,6.0
1451652180,15.8
1451652240,6.8
1451652300,14.8
1451652360,23.7
1451652420,32.7
1451652480,40.6
1451652540,49.6
1451652600,7.6
1451652660,16.5
1451652720,25.5
1451652780,33.5
1451652840,42.4
1451652900,0.4
1451652960,9.3
1451653020,18.3
1451653080,26.3
1451653140,35.2
1451653200,44.2
1451653260,2.1
1451653320,11.2
1451653380,19.2
1451653440,28.1
1451653500,37.1
1451653560,45.0
1451653620,4.0
1451653680,12.0
1451653740,21.8
1451653800,30.8
1451653860,38.8
1451653920,47.7
1451653980,5.7
1451654040,14.6
1451654100,23.6
1451654160,31.6
1451654220,40.5
1451654280,49.5
1451654340,7.4
1451654400,48.4
1451654460,6.4
1451654520,15.3
1451654580,24.3
1451654640,32.3
1451654700,41.2
1451654760,49.2
1451654820,8.1
1451654880,17.1
1451654940,25.1
1451655000,34.0
1451655060,43.0
1451655120,1.8
1451655180,10.8
1451655240,18.8
1451655300,27.7
1451655360,36.7
1451655420,44.6
1451655480,3.7
1451655540,11.7
1451655600,20.6
1451655660,29.6
1451655720,37.6
1451655780,46.5
1451655840,4.5
1451655900,13.4
1451655960,22.4
1451656020,30.4
1451656080,39.3
1451656140,48.3
1451656200,6.2
1451656260,15.2
1451656320,23.2
1451656380,32.1
1451656440,41.1
1451656500,49.1
1451656560,40.0
1451656620,48.0
1451656680,7.8
1451656740,16.8
1451656800,24.8
1451656860,33.7
1451656920,41.7
1451656980,0.6
1451657040,9.6
1451657100,17.6
1451657160,26.5
1451657220,35.5
1451657280,43.4
1451657340,2.4
1451657400,10.4
1451657460,19.3
1451657520,28.3
1451657580,36.3
1451657640,45.3
1451657700,3.3
1451657760,12.2
1451657820,21.2
1451657880,29.2
1451657940,38.1
1451658000,47.1
1451658060,5.0
1451658120,14.0
1451658180,22.0
1451658240,31.8
1451658300,40.8
1451658360,48.8
1451658420,27.6
1451658480,36.6
1451658540,44.6
1451658600,3.5
1451658660,12.6
1451658720,20.5
1451658780,29.5
1451658840,37.5
1451658900,46.4
1451658960,5.4
1451659020,13.4
1451659080,22.3
1451659140,30.3
1451659200,39.2
1451659260,48.2
1451659320,6.2
1451659380,15.1
1451659440,24.1
1451659500,32.0
1451659560,41.0
1451659620,49.0
1451659680,8.8
1451659740,17.8
1451659800,7.8
1451659860,16.7
1451659920,24.7
1451659980,33.6
1451660040,42.6
1451660100,0.6
1451660160,9.5
1451660220,17.5
1451660280,26.4
1451660340,35.4
1451660400,43.4
1451660460,2.3
1451660520,11.3
1451660580,19.2
1451660640,28.2
1451660700,36.2
1451660760,45.1
1451660820,4.2
1451660880,12.2
1451660940,21.1
1451661000,29.1
1451661060,38.0
1451661120,47.0
1451661180,5.0
1451661240,14.8
1451661300,23.8
1451661360,31.7
1451661420,40.7
1451661480,48.7
1451661540,7.6
1451661600,16.6
1451661660,24.6
1451661720,33.5
1451661780,41.5
1451661840,0.4
1451661900,9.4
1451661960,49.4
1451662020,8.3
1451662080,16.3
1451662140,25.2
1451662200,34.2
1451662260,42.2
1451662320,1.1
1451662380,10.1
1451662440,18.0
1451662500,27.0
1451662560,35.0
1451662620,44.8
1451662680,3.8
1451662740,11.8
1451662800,20.7
1451662860,28.7
1451662920,37.6
1451662980,46.7
1451663040,4.7
1451663100,13.6
1451663160,22.6
1451663220,30.5
1451663280,39.5
1451663340,47.5
1451663400,6.4
1451663460,15.4
1451663520,23.4
1451663580,32.3
1451663640,40.3
1451663700,49.2
1451663760,8.2
1451663820,16.2
1451663880,25.1
1451663940,33.1
1451664000,42.0
1451664060,1.0
1451664120,41.0
1451664180,0.8
1451664240,9.8
1451664300,17.7
1451664360,26.7
1451664420,34.7
1451664480,43.6
1451664540,2.6
1451664600,10.6
1451664660,19.5
1451664720,27.5
1451664780,36.4
1451664840,45.4
1451664900,3.4
1451664960,12.3
1451665020,21.3
1451665080,29.2
1451665140,38.2
1451665200,46.3
1451665260,5.2
1451665320,14.2
1451665380,22.1
1451665440,31.1
1451665500,39.1
1451665560,48.0
1451665620,7.0
1451665680,15.0
1451665740,24.8
1451665800,32.8
1451665860,41.7
1451665920,0.7
1451665980,8.7
1451666040,17.6
1451666100,26.6
1451666160,34.5
1451666220,43.5
1451666280,33.5
1451666340,42.4
1451666400,1.4
