1451606460,19.1
1451606520,28.0
1451606580,37.0
1451606640,45.0
1451606700,4.8
1451606760,12.8
1451606820,21.7
1451606880,30.7
1451606940,20.7
1451607000,29.6
1451607060,37.6
1451607120,46.5
1451607180,5.5
1451607240,13.5
1451607300,22.4
1451607360,31.4
1451607420,39.3
1451607480,48.3
1451607540,6.3
1451607600,15.2
1451607660,24.2
1451607720,32.2
1451607780,41.1
1451607840,49.1
1451607900,8.0
1451607960,17.1
1451608020,25.1
1451608080,34.0
1451608140,43.0
1451608200,1.8
1451608260,10.8
1451608320,18.8
1451608380,27.7
1451608440,36.7
1451608500,44.7
1451608560,3.6
1451608620,11.6
1451608680,20.5
1451608740,29.5
1451608800,37.5
1451608860,46.4
1451608920,4.4
1451608980,13.3
1451609040,22.3
1451609100,12.3
1451609160,21.2
1451609220,30.2
1451609280,38.1
1451609340,47.1
1451609400,5.1
1451609460,14.0
1451609520,23.0
1451609580,31.0
1451609640,40.8
1451609700,48.8
1451609760,7.7
1451609820,16.7
1451609880,24.7
1451609940,33.6
1451610000,42.6
1451610060,0.5
1451610120,9.5
1451610180,17.6
1451610240,26.5
1451610300,35.5
1451610360,43.4
1451610420,2.4
1451610480,10.4
1451610540,19.3
1451610600,28.3
1451610660,36.3
1451610720,45.2
1451610780,3.2
1451610840,12.1
1451610900,21.1
1451610960,29.1
1451611020,38.0
1451611080,47.0
1451611140,5.8
1451611200,14.8
1451611260,4.8
1451611320,13.7
1451611380,22.7
1451611440,30.7
1451611500,39.6
1451611560,47.6
1451611620,6.5
1451611680,15.5
1451611740,23.5
1451611800,32.4
1451611860,41.4
1451611920,49.3
1451611980,8.3
1451612040,16.3
1451612100,25.2
1451612160,34.2
1451612220,42.1
1451612280,1.1
1451612340,9.2
1451612400,18.1
1451612460,27.1
1451612520,35.1
1451612580,44.0
1451612640,2.0
1451612700,11.8
1451612760,20.8
1451612820,28.8
1451612880,37.7
1451612940,46.7
1451613000,4.6
1451613060,13.6
1451613120,21.6
1451613180,30.5
1451613240,39.5
1451613300,47.5
1451613360,6.4
1451613420,46.4
1451613480,5.3
1451613540,14.3
1451613600,22.3
1451613660,31.2
1451613720,40.2
1451613780,48.1
1451613840,7.1
1451613900,15.1
1451613960,24.0
1451614020,33.0
1451614080,41.8
1451614140,0.8
1451614200,8.8
1451614260,17.7
1451614320,26.7
1451614380,34.7
1451614440,43.6
1451614500,1.7
1451614560,10.6
1451614620,19.6
1451614680,27.6
1451614740,36.5
1451614800,45.5
1451614860,3.4
1451614920,12.4
1451614980,20.4
1451615040,29.3
1451615100,38.3
1451615160,46.3
1451615220,5.2
1451615280,13.2
1451615340,22.1
1451615400,31.1
1451615460,39.1
1451615520,48.0
1451615580,38.0
1451615640,47.8
1451615700,6.8
1451615760,14.8
1451615820,23.7
1451615880,32.7
1451615940,40.6
1451616000,49.6
1451616060,7.6
1451616120,16.5
1451616180,25.5
1451616240,33.5
1451616300,42.4
1451616360,0.4
1451616420,9.3
1451616480,18.3
1451616540,26.3
1451616600,35.2
1451616660,44.3
1451616720,2.2
1451616780,11.2
1451616840,19.2
1451616900,28.1
1451616960,37.1
1451617020,45.1
1451617080,4.0
1451617140,12.0
1451617200,21.8
1451617260,30.8
1451617320,38.8
1451617380,47.7
1451617440,5.7
1451617500,14.6
1451617560,23.6
1451617620,31.6
1451617680,40.5
1451617740,31.5
1451617800,39.4
1451617860,48.4
1451617920,6.4
1451617980,15.3
1451618040,24.3
1451618100,32.3
1451618160,41.2
1451618220,49.2
1451618280,8.1
1451618340,17.1
1451618400,25.1
1451618460,34.0
1451618520,43.0
1451618580,1.8
1451618640,10.8
1451618700,18.8
1451618760,27.7
1451618820,36.8
1451618880,44.8
1451618940,3.7
1451619000,11.7
1451619060,20.6
1451619120,29.6
1451619180,37.6
1451619240,46.5
1451619300,4.5
1451619360,13.4
1451619420,22.4
1451619480,30.4
1451619540,39.3
1451619600,48.3
1451619660,6.2
1451619720,15.2
1451619780,23.2
1451619840,32.1
1451619900,23.1
1451619960,31.1
1451620020,40.0
1451620080,48.0
1451620140,7.0
1451620200,4.8
1451620260,13.8
1451620320,21.8
1451620380,30.7
1451620440,38.7
1451620500,47.6
1451620560,6.6
1451620620,14.6
1451620680,23.5
1451620740,31.5
1451620800,40.4
1451620860,49.4
1451620920,7.4
1451620980,48.3
1451621040,7.3
1451621100,15.2
1451621160,24.2
1451621220,32.2
1451621280,41.1
1451621340,0.1
1451621400,8.1
1451621460,17.0
1451621520,25.0
1451621580,34.8
1451621640,43.8
1451621700,1.8
1451621760,10.7
1451621820,19.7
1451621880,27.6
1451621940,36.6
1451622000,44.7
1451622060,3.6
1451622120,12.6
1451622180,20.6
1451622240,29.5
1451622300,37.5
1451622360,46.4
1451622420,5.4
1451622480,13.4
1451622540,22.3
1451622600,30.3
1451622660,39.2
1451622720,48.2
1451622780,6.2
1451622840,15.1
1451622900,24.1
1451622960,32.0
1451623020,41.0
1451623080,49.0
1451623140,40.8
1451623200,49.8
1451623260,7.8
1451623320,16.7
1451623380,24.7
1451623440,33.6
1451623500,42.6
1451623560,0.6
1451623620,9.5
1451623680,18.5
1451623740,26.4
1451623800,35.4
1451623860,43.4
1451623920,2.3
1451623980,11.3
1451624040,19.3
1451624100,28.2
1451624160,36.3
1451624220,45.2
1451624280,4.2
1451624340,12.2
1451624400,21.1
1451624460,29.1
1451624520,38.0
1451624580,47.0
1451624640,5.0
1451624700,14.8
1451624760,23.8
1451624820,31.7
1451624880,40.7
1451624940,48.7
1451625000,7.6
1451625060,16.6
1451625120,24.6
1451625180,33.5
1451625240,41.5
1451625300,32.4
1451625360,41.4
1451625420,49.4
1451625480,8.3
1451625540,17.3
1451625600,25.2
1451625660,34.2
1451625720,42.2
1451625780,1.1
1451625840,10.1
1451625900,18.0
1451625960,27.0
1451626020,35.0
1451626080,44.8
1451626140,3.8
1451626200,11.8
1451626260,20.7
1451626320,28.7
1451626380,37.7
1451626440,46.7
1451626500,4.7
1451626560,13.6
1451626620,22.6
1451626680,30.5
1451626740,39.5
1451626800,47.5
1451626860,6.4
1451626920,15.4
1451626980,23.4
1451627040,32.3
1451627100,40.3
1451627160,49.2
1451627220,8.2
1451627280,16.2
1451627340,25.1
1451627400,34.1
1451627460,24.0
1451627520,33.0
1451627580,41.0
1451627640,0.8
1451627700,9.8
1451627760,17.7
1451627820,26.7
1451627880,34.7
1451627940,43.6
1451628000,2.6
1451628060,10.6
1451628120,19.5
1451628180,27.5
1451628240,36.4
1451628300,45.4
1451628360,3.4
1451628420,12.3
1451628480,21.3
1451628540,29.3
1451628600,38.3
1451628660,46.3
1451628720,5.2
1451628780,14.2
1451628840,22.2
1451628900,31.1
1451628960,39.1
1451629020,48.0
1451629080,7.0
1451629140,15.0
1451629200,24.8
1451629260,32.8
1451629320,41.7
1451629380,0.7
1451629440,8.7
1451629500,17.6
1451629560,26.6
1451629620,16.5
1451629680,25.5
1451629740,33.5
1451629800,42.4
1451629860,1.4
1451629920,9.4
1451629980,18.3
1451630040,26.3
1451630100,35.2
1451630160,44.2
1451630220,2.2
1451630280,11.1
1451630340,20.1
1451630400,28.0
1451630460,37.0
1451630520,45.0
1451630580,4.8
1451630640,13.8
1451630700,21.0
1451630760,30.8
1451630820,38.8
1451630880,47.7
1451630940,6.7
1451631000,14.7
1451631060,23.6
1451631120,31.6
1451631180,40.5
1451631240,49.5
1451631300,7.5
1451631360,16.4
1451631420,25.4
1451631480,33.3
1451631540,42.3
1451631600,0.3
1451631660,9.2
1451631720,18.2
1451631780,8.2
1451631840,17.1
1451631900,25.1
1451631960,34.0
1451632020,43.0
1451632080,1.0
1451632140,10.8
1451632200,19.8
1451632260,27.7
1451632320,36.7
1451632380,44.7
1451632440,3.6
1451632500,12.6
1451632560,20.6
1451632620,29.5
1451632680,37.5
1451632740,46.4
1451632800,5.4
1451632860,13.5
1451632920,22.4
1451632980,30.4
1451633040,39.3
1451633100,48.3
1451633160,6.3
1451633220,15.2
1451633280,24.2
1451633340,32.1
1451633400,41.1
1451633460,49.1
1451633520,8.0
1451633580,17.0
1451633640,25.0
1451633700,34.8
1451633760,42.8
1451633820,1.7
1451633880,10.7
1451633940,0.7
1451634000,9.6
1451634060,18.6
1451634120,26.5
1451634180,35.5
1451634240,43.5
1451634300,2.4
1451634360,11.4
1451634420,19.3
1451634480,28.3
1451634540,36.3
1451634600,45.2
1451634660,4.2
1451634720,12.2
1451634780,21.1
1451634840,29.1
1451634900,38.0
1451634960,47.0
1451635020,5.1
1451635080,14.0
1451635140,23.0
1451635200,31.8
1451635260,40.8
1451635320,48.8
1451635380,7.7
1451635440,16.7
1451635500,24.7
1451635560,33.6
1451635620,41.6
1451635680,0.5
1451635740,9.5
1451635800,17.5
1451635860,26.4
1451635920,35.4
1451635980,43.3
1451636040,2.3
1451636100,42.3
1451636160,1.2
1451636220,10.2
1451636280,18.1
1451636340,27.1
1451636400,35.1
1451636460,44.0
1451636520,3.0
1451636580,11.0
1451636640,20.8
1451636700,28.8
1451636760,37.7
1451636820,46.7
1451636880,4.7
1451636940,13.6
1451637000,22.6
1451637060,30.5
1451637120,39.5
1451637180,47.6
1451637240,6.5
1451637300,15.5
1451637360,23.5
1451637420,32.4
1451637480,40.4
1451637540,49.3
1451637600,8.3
1451637660,16.3
1451637720,25.2
1451637780,34.2
1451637840,42.1
1451637900,1.1
1451637960,9.1
1451638020,18.0
1451638080,27.0
1451638140,35.8
1451638200,44.8
1451638260,34.8
1451638320,43.7
1451638380,2.7
1451638440,10.7
1451638500,19.6
1451638560,27.6
1451638620,36.5
1451638680,45.5
1451638740,3.5
1451638800,12.4
1451638860,21.4
1451638920,29.3
1451638980,38.3
1451639040,46.3
1451639100,5.2
1451639160,14.2
1451639220,22.2
1451639280,31.1
1451639340,39.2
1451639400,48.1
1451639460,7.1
1451639520,15.1
1451639580,24.0
1451639640,32.0
1451639700,41.8
1451639760,0.8
1451639820,8.8
1451639880,17.7
1451639940,26.7
1451640000,34.6
1451640060,43.6
1451640120,1.6
1451640180,10.5
1451640240,19.5
1451640300,27.5
1451640360,36.4
1451640420,26.4
1451640480,35.3
1451640540,44.3
1451640600,2.3
1451640660,11.2
1451640720,20.2
1451640780,28.1
1451640840,37.1
1451640900,45.1
1451640960,4.0
1451641020,13.0
1451641080,21.0
1451641140,30.8
1451641200,38.8
1451641260,47.7
1451641320,6.7
1451641380,14.7
1451641440,23.6
1451641500,31.7
1451641560,40.6
1451641620,49.6
1451641680,7.6
1451641740,16.5
1451641800,25.5
1451641860,33.4
1451641920,42.4
1451641980,0.4
1451642040,9.3
1451642100,18.3
1451642160,26.3
1451642220,35.2
1451642280,43.2
1451642340,2.1
1451642400,11.1
1451642460,19.1
1451642520,28.0
1451642580,19.0
1451642640,27.8
1451642700,36.8
1451642760,44.8
1451642820,3.7
1451642880,12.7
1451642940,20.7
1451643000,29.6
1451643060,37.6
1451643120,46.5
1451643180,5.5
1451643240,13.5
1451643300,22.4
1451643360,30.4
1451643420,39.3
1451643480,48.3
1451643540,6.3
1451643600,15.2
1451643660,24.3
1451643720,32.2
1451643780,41.2
1451643840,49.2
1451643900,8.1
1451643960,17.1
1451644020,25.1
1451644080,34.0
1451644140,42.0
1451644200,1.8
1451644260,10.8
1451644320,18.8
1451644380,27.7
1451644440,36.7
1451644500,44.6
1451644560,3.6
1451644620,11.6
1451644680,20.5
1451644740,29.5
1451644800,19.4
1451644860,28.4
1451644920,36.4
1451644980,45.3
1451645040,4.3
1451645100,12.3
1451645160,21.2
1451645220,29.2
1451645280,38.1
1451645340,47.1
1451645400,5.1
1451645460,14.0
1451645520,23.0
1451645580,31.8
1451645640,40.8
1451645700,48.8
1451645760,7.7
1451645820,16.8
1451645880,24.8
1451645940,33.7
1451646000,41.7
1451646060,0.6
1451646120,9.6
1451646180,17.6
1451646240,26.5
1451646300,35.5
1451646360,43.4
1451646420,2.4
1451646480,10.4
1451646540,19.3
1451646600,28.3
1451646660,36.2
1451646720,45.2
1451646780,3.2
1451646840,12.1
1451646900,21.1
1451646960,11.1
1451647020,20.0
1451647080,28.0
1451647140,37.8
1451647200,46.8
1451647260,4.8
1451647320,13.7
1451647380,22.7
1451647440,30.6
1451647500,39.6
1451647560,47.6
1451647620,6.5
1451647680,15.5
1451647740,23.5
1451647800,32.4
1451647860,40.4
1451647920,49.3
1451647980,8.4
1451648040,16.4
1451648100,25.3
1451648160,34.3
1451648220,42.2
1451648280,1.2
1451648340,9.2
1451648400,18.1
1451648460,27.1
1451648520,35.0
1451648580,44.0
1451648640,2.0
1451648700,11.8
1451648760,20.8
1451648820,28.8
1451648880,37.7
1451648940,45.7
1451649000,4.6
1451649060,13.6
1451649120,3.6
1451649180,12.5
1451649240,21.5
1451649300,29.4
1451649360,38.4
1451649420,46.4
1451649480,5.3
1451649540,14.3
1451649600,22.3
1451649660,31.2
1451649720,39.2
1451649780,48.1
1451649840,7.1
1451649900,15.1
1451649960,24.0
1451650020,32.0
1451650080,41.8
1451650140,0.0
1451650200,8.0
1451650260,17.8
1451650320,26.8
1451650380,34.7
1451650440,43.7
1451650500,1.7
1451650560,10.6
1451650620,19.6
1451650680,27.6
1451650740,36.5
1451650800,44.5
1451650860,3.4
1451650920,12.4
1451650980,20.4
1451651040,29.3
1451651100,38.3
1451651160,46.2
1451651220,5.2
1451651280,45.2
1451651340,4.1
1451651400,13.1
1451651460,21.1
1451651520,30.0
1451651580,38.0
1451651640,47.8
1451651700,6.8
1451651760,14.8
1451651820,23.7
1451651880,31.7
1451651940,40.6
1451652000,49.6
1451652060,7.6
1451652120,16.5
1451652180,25.5
1451652240,33.4
1451652300,42.5
1451652360,0.5
1451652420,9.4
1451652480,18.4
1451652540,26.4
1451652600,35.3
1451652660,43.3
1451652720,2.2
1451652780,11.2
1451652840,19.2
1451652900,28.1
1451652960,37.1
1451653020,45.0
1451653080,4.0
1451653140,12.0
1451653200,21.8
1451653260,30.8
1451653320,38.7
1451653380,47.7
1451653440,37.7
1451653500,46.6
1451653560,5.6
1451653620,13.6
1451653680,22.5
1451653740,30.5
1451653800,39.4
1451653860,48.4
1451653920,6.4
1451653980,15.3
1451654040,24.3
1451654100,32.2
1451654160,41.2
1451654220,49.2
1451654280,8.1
1451654340,17.1
1451654400,25.1
1451654460,34.1
1451654520,42.1
1451654580,1.0
1451654640,10.0
1451654700,18.0
1451654760,27.8
1451654820,36.8
1451654880,44.7
1451654940,3.7
1451655000,11.7
1451655060,20.6
1451655120,29.6
1451655180,37.5
1451655240,46.5
1451655300,4.5
1451655360,13.4
1451655420,22.4
1451655480,30.4
1451655540,39.3
1451655600,29.3
1451655660,38.2
1451655720,47.2
1451655780,5.2
1451655840,14.1
1451655900,23.1
1451655960,31.0
1451656020,28.0
1451656080,37.0
1451656140,45.0
1451656200,4.8
1451656260,13.8
1451656320,21.7
1451656380,30.7
1451656440,38.7
1451656500,47.6
1451656560,6.6
1451656620,46.6
1451656680,5.5
1451656740,13.5
1451656800,22.4
1451656860,31.4
1451656920,39.4
1451656980,48.3
1451657040,6.3
1451657100,15.2
1451657160,24.2
1451657220,32.2
1451657280,41.1
1451657340,0.1
1451657400,8.0
1451657460,17.0
1451657520,25.0
1451657580,34.8
1451657640,43.8
1451657700,1.0
1451657760,10.8
1451657820,18.8
1451657880,27.7
1451657940,36.7
1451658000,44.7
1451658060,3.6
1451658120,12.6
1451658180,20.5
1451658240,29.5
1451658300,37.5
1451658360,46.4
1451658420,5.4
1451658480,13.3
1451658540,22.3
1451658600,30.3
1451658660,39.2
1451658720,48.2
1451658780,38.2
1451658840,47.1
1451658900,5.1
1451658960,14.0
1451659020,23.0
1451659080,31.0
1451659140,40.8
1451659200,49.8
1451659260,7.7
1451659320,16.7
1451659380,24.7
1451659440,33.6
1451659500,42.6
1451659560,0.6
1451659620,9.5
1451659680,17.5
1451659740,26.4
1451659800,35.4
1451659860,43.5
1451659920,2.4
1451659980,11.4
1451660040,19.3
1451660100,28.3
1451660160,36.3
1451660220,45.2
1451660280,4.2
1451660340,12.1
1451660400,21.1
1451660460,29.1
1451660520,38.0
1451660580,47.0
1451660640,5.0
1451660700,14.8
1451660760,22.8
1451660820,31.7
1451660880,40.7
1451660940,48.7
1451661000,39.6
1451661060,48.6
1451661120,6.5
1451661180,15.5
1451661240,23.5
1451661300,32.4
1451661360,41.4
1451661420,49.4
1451661480,5.3
1451661540,13.3
1451661600,22.2
1451661660,31.2
1451661720,39.2
1451661780,48.1
1451661840,6.1
1451661900,15.0
1451661960,6.0
1451662020,14.0
1451662080,23.8
1451662140,31.8
1451662200,40.7
1451662260,49.7
1451662320,7.7
1451662380,16.6
1451662440,25.6
1451662500,33.5
1451662560,42.5
1451662620,0.5
1451662680,9.4
1451662740,18.4
1451662800,26.4
1451662860,35.3
1451662920,43.3
1451662980,2.2
1451663040,11.3
1451663100,19.3
1451663160,28.2
1451663220,37.2
1451663280,45.1
1451663340,4.1
1451663400,12.1
1451663460,21.0
1451663520,30.0
1451663580,38.8
1451663640,47.8
1451663700,5.8
1451663760,14.7
1451663820,23.7
1451663880,31.7
1451663940,40.6
1451664000,48.6
1451664060,7.5
1451664120,48.5
1451664180,6.5
1451664240,15.4
1451664300,24.4
1451664360,32.3
1451664420,41.3
1451664480,49.3
1451664540,8.2
1451664600,17.2
1451664660,25.2
1451664720,34.1
1451664780,42.1
1451664840,1.0
1451664900,10.0
1451664960,18.0
1451665020,27.8
1451665080,36.8
1451665140,44.7
1451665200,3.8
1451665260,11.8
1451665320,20.7
1451665380,29.7
1451665440,37.6
1451665500,46.6
1451665560,4.6
1451665620,13.5
1451665680,22.5
1451665740,30.5
1451665800,39.4
1451665860,47.4
1451665920,6.3
1451665980,15.3
1451666040,23.3
1451666100,32.2
1451666160,41.2
1451666220,49.1
1451666280,40.1
1451666340,48.1
1451666400,7.0
